SLogP	SLogP_VSA2	ATSC3c	ATSC2c	ATSC4c	SdssC	ATSC1dv	Jhetv	ATSC1p	SLogP_VSA3
3.3872000000000018	6.031114512338072	-0.1946232896795142	0.3915602701911255	-0.0477633333576579	-0.4735185185185171	24.635555555555555	2.0398843191072347	0.5145758910272403	0.0
2.2874	11.075832682792557	-0.0311828964071189	0.1433665865712036	-0.0031360512472619	-0.6354629629629625	22.84023668639054	3.487044810382043	-0.1910691722268401	4.794537184071822
-0.3475999999999985	79.74841832036971	-0.4973292577903785	-0.0990414277433963	0.6683551131240739	-6.673693501964602	60.63137755102042	1.9602670305650791	2.6851603074269943	9.589074368143644
-1.0676	32.06490341456419	0.051537463209114336	0.11755516574831555	-0.11763266375192943	0.0	-32.45958847736625	2.482065249304338	-11.813821439999998	10.194135801641258
1.1235999999999997	57.497175740714354	0.0554044127427243	0.1394399363782341	-0.1107728528392557	-0.7275166558152317	62.731404958677686	1.422518779954023	-1.7992109634508209	14.26826309167192
-0.1962800000000001	33.410294744988455	-0.3481265704604993	0.4406713375530482	0.1537901434765836	0.0	38.390625	1.911272003150327	-0.6613984671333203	4.736862953800049
1.5576	45.1979712404969	0.228157676713084	-0.1737943170366745	0.0146066420420649	0.5716276373254645	50.275720164609055	1.7110216838022203	2.130501512042817	9.589074368143644
0.1866000000000017	82.6332685031351	-0.3577592313796006	-0.1591406038525917	0.5048979697077371	-5.604826209294551	86.43666666666668	1.868288424950244	1.6345071805024332	16.00989599106965
-0.2143999999999983	73.64445193262142	-0.3771323747833135	-0.0497992395625724	0.421962627929389	-6.460471277117876	67.63137755102042	1.9491272061217964	2.6851603074269943	15.190125179127332
-0.2105	37.336410957734905	-0.0354882064201441	0.0887186540032625	0.0940800707501788	0.0	29.738406658739592	1.628799994611341	-0.8850655850766767	4.736862953800049
6.313600000000008	43.97109962511343	-0.5167121788468048	0.250008844698752	0.7889531020952515	-1.4345680582448497	73.50692520775627	1.737475440781104	1.4074585750377564	11.339293589984395
4.205800000000003	65.85492356936498	0.2019103333135133	-0.232911792675916	-0.2525526091649988	0.1285999941915376	73.50930748456793	1.0163672011251292	-2.329648898943736	26.60013065015509
2.376500000000001	3.792535935529771	-0.0207074263602178	0.0432309467487202	0.0	0.0	-1.256944444444444	3.210082201168959	-0.0342074734943907	0.0
0.7601999999999995	50.77615415711621	0.0861349063998855	0.4317710316158493	-0.1974585693310191	-0.91588091563786	71.83159800814849	1.6828595039982124	-1.3253966874346153	9.473725907600098
-0.7977000000000001	9.967957041894415	-0.162517382037131	0.3462787616454006	-0.0148520596703108	0.0	3.0	2.8423727959670204	-0.1860820099999992	0.0
2.904300000000001	24.165345494617707	0.0013568824182968	0.0815723309438124	0.0425612500351128	-0.8364297787016037	29.620932413509596	2.0582074694076464	0.1058199202688966	4.794537184071822
5.335000000000004	74.7397009795555	0.4994930203484767	0.4408750654985364	-1.312386866406274	-3.057696998003496	144.32703213610586	1.2609827628750638	-0.4458013861230307	19.120474506015515
1.3687	0.0	-0.0020497093761561	-0.0026962504005289	0.0	0.0	-2.2235939643347047	2.2945774534820336	-0.17355847621225	0.0
0.2684000000000012	61.08427199055059	0.0878702616698262	0.5942778664941853	-0.2304291043650846	-3.0540345686097234	63.37785123966943	1.4468462460501372	0.4057187133764797	16.133830774056218
8.382100000000005	55.11143415979522	0.2635386899519218	-0.0058582582267814	-0.0699035869988539	-0.9362518442741852	97.91108468754128	0.9572764472299132	0.7608793104388172	16.385826170912075
4.335420000000004	129.855261623381	-0.1936214181696008	-0.1300503498648466	0.3206824962166401	-1.8465396121853592	191.4684052889181	1.5138431513651789	-0.4312331518546124	23.79966322954379
4.374260000000002	33.71078964284328	0.0082755063599698	0.2373766043522413	-0.3330113522045331	-0.5137453692046106	93.5781477077553	1.2497486196539684	0.9531976115460032	17.63618042992384
1.9864	4.2954515122943855	0.0	0.001385537378773	0.0	0.0	-3.7377777777777776	2.512197980821611	-0.01110043459396	0.0
4.091100000000004	68.74083683696874	0.2637729928461252	0.2209788681766578	-0.3037784756896718	-1.062442454564038	145.6131687242798	1.0215928779003127	-0.939810548888928	34.704910942207064
3.073200000000001	11.075832682792557	-0.0582277152171059	0.1320859085697001	0.0306545236635911	-0.7716577958343829	37.12121212121212	2.7097216685022296	0.3501487012121205	11.21535880699783
3.6390000000000025	5.106527394840706	0.0624769979044926	0.0124995858394334	0.0486480219928251	0.0	40.58064516129033	3.122029248680195	0.3408633480000027	0.0
1.6046	59.12938828881576	0.7276679949035452	-0.0407854783117254	-0.5983552548681151	-1.6830856200788	65.16165289256197	1.7420202388012207	-0.6360545611068995	25.54129612894152
3.5519000000000025	58.57815811616384	0.0892060333799049	-0.0390644874086802	-0.2938990539025713	0.0	83.56703046241508	1.031819418609077	-2.084160742078077	19.51033443475116
6.936200000000007	36.92430585946606	0.1166225156786512	-0.2424166985657966	-0.0179552761547579	0.0153483082820931	96.68069574759946	1.7488986888237466	-0.8492319002210998	6.4208216229260096
-0.3149000000000006	10.891158250298714	0.1978429879436478	-0.1081873839159362	-0.1793551994317782	-0.3033333333333328	8.117647058823527	2.5194688167353223	0.4308969317647051	0.0
1.8036	45.1979712404969	0.2228324534893151	-0.1676986001287078	0.0037737859408098	0.5715336274993119	57.88734995383196	1.7458692233501425	2.1341300060277977	9.589074368143644
5.295400000000005	12.586597235060536	-0.033299370225396	-0.0336502308576615	0.0055101107236327	0.0	13.326280991735532	1.579626972416113	0.6740324379272907	0.0
6.075200000000007	47.13736064914747	-0.0009431134056399	-0.0598858817617462	0.0075502935763042	-0.0834430301173625	50.94123443518768	1.284748095603957	1.4703054007120897	0.0
5.9961000000000055	32.14689206663035	0.0884271158888364	-0.1899689382685398	0.0001188196191674	2.640942287663969	60.5176977531548	1.8704037928160584	-0.5017458267146753	0.0
-0.7090799999999999	27.368453915840487	-0.3095003545069426	0.4698373149591062	0.0650447928029162	0.0	28.903061224489797	1.953733071876314	-0.5919227822114057	4.736862953800049
