SLogP	nR_3_True_False_True_False	ESpm03d	N-068	ATSC1dv	GATS2dv	AATS0dv	GATS2d	AATS0p	MATS5Z	AATSC5c	nArCOO	ARR	X0vA	AATS5i	ATSC7c	AATSC7i	BELv0	GATS6i	AATSC6v
3.3872000000000018	2.0	3.019839348897224	0.0	24.635555555555555	0.7968844754396603	8.0	1.082089552238806	1.6744019619396004	-0.1247303325397303	0.0020455018421539	0.0	0.6	0.5392397137249838	155.28066594929732	-0.0023390975609253	0.2335058576570036	20.91	1.0136443071507864	-12.88808349338439
2.2874	0.0	2.6027726449661106	0.0	22.84023668639054	0.5961277173913041	4.0	1.5383941093969142	1.181208249137846	-0.1633860681873926	0.0011259854047699	0.0	0.0	0.6761239279899638	167.5120375098052	0.0392134422710925	0.0957595481848624	20.79	0.6007605797099987	-4.49010257647733
-0.3475999999999985	1.0	4.572684018390519	1.0	60.63137755102042	0.6657380781212556	9.25	1.253282634861582	1.4212882449352855	-0.1277097017336061	0.0015721146103868	0.0	0.1714285714285714	0.5501305895968116	161.24476596645465	-0.4676766900569874	0.1278619881850287	20.91	1.0174856514453867	-5.372091897744403
-1.0676	0.0	0.0	0.0	-32.45958847736625	0.0	21.61371742112483	1.1111111111111112	7.816362399999998	0.621403349435358	0.017148726257053337	0.0	0.0	1.174464977368098	170.79988456554193	0.04094870134158054	0.5567537419401699	26.53	1.000736472313013	-1.3077733349594816
1.1235999999999997	1.0	3.4752405898139727	0.0	62.731404958677686	0.933402663284718	9.090909090909092	1.1872489959839354	1.364266434022273	0.0230361202323819	0.0013895779689169	0.0	0.2307692307692307	0.5607261079059328	166.25506473758162	0.0611801787461238	0.1296198465093476	20.88	1.287065961953208	-3.6713229043282873
-0.1962800000000001	0.0	3.3868279676948534	0.0	38.390625	0.7910998629125804	10.75	1.2972423950027934	1.3216182425949063	-0.005736137667304	-0.0010249118925241	0.0	0.3	0.5360224993696305	170.1545563648026	0.1754318677494877	-0.2369989564448928	20.82	0.8499983548386992	-2.888611507982474
1.5576	0.0	4.624574302516853	0.0	50.275720164609055	0.9033627246692192	6.148148148148148	1.738709103840682	1.374668172884666	-0.0400322607328977	-0.0001658404884241	0.0	0.0	0.5939319207259335	164.26040464890332	0.3934613419544923	0.01500191183382	20.89	0.7680143432710216	4.63757738592949
0.1866000000000017	1.0	4.503664276226915	1.0	86.43666666666668	0.739256389293712	8.6	1.2799923938597708	1.40469460718205	-0.1840134738661254	0.0003289032665979	0.0	0.1666666666666666	0.5692830794515815	160.7285537042555	-1.3937091578054766	0.0237128142553955	20.91	1.026950161280355	-0.8472166722127394
-0.2143999999999983	1.0	4.642670034687743	1.0	67.63137755102042	0.6761028378758077	9.285714285714286	1.372395559297064	1.4212882449352855	-0.1122549800796812	0.0013822327293993	0.0	0.1714285714285714	0.5517682846845395	161.10939055412487	-0.866506285930359	0.128993859892022	20.91	1.0231289880146124	-3.981986085898373
-0.2105	0.0	3.125356041347497	0.0	29.738406658739592	0.8199906279287721	9.79310344827586	1.0586328400281886	1.3791023054547589	-0.1188502186588921	-0.0027553072618576	0.0	0.5263157894736842	0.5315336696026886	167.1768484456427	0.0690537565233148	-0.1343117293333775	20.8	0.9018982191276506	-1.6428472173438724
6.313600000000008	3.0	4.239845368092592	0.0	73.50692520775627	0.7933606752258682	7.473684210526316	1.1731754670740635	1.4939660614436183	-0.1047661528084509	-0.0031919533454707	0.0	0.5227272727272727	0.5640657838269905	154.7098864819784	-0.5992150510019747	-0.1467234033435386	20.92	0.9009057683990216	-2.731102158883039
4.205800000000003	2.0	3.952181125232338	1.0	73.50930748456793	1.1813887154779357	7.581404320987655	1.3294869795727429	1.5918465208714376	0.04900706619872	0.0011725856988366	0.0	0.425	0.5969509669806213	161.55653074669667	-0.2028010334291044	-0.04295924136175	22.46	0.9575298698596852	3.8857701185098255
2.376500000000001	0.0	3.218875824868201	0.0	-1.256944444444444	1.161306789178152	2.351851851851852	1.0	2.646104839318375	-0.2677674153394789	0.0002185682896008334	0.0	0.0	0.9803360514166088	161.17825419189748	0.0	0.0021232127307135662	22.47	1.126824085367937	-10.622973250699781
0.7601999999999995	0.0	3.7145861864573417	0.0	71.83159800814849	0.6510060470066079	9.27659574468085	1.1517752273566229	1.264137380993149	0.2107351892543275	-0.0034794246128872	0.0	0.2307692307692307	0.5605996195023534	171.92910324781266	-0.1799478175069934	-0.1347940751038237	20.8	1.1237673988852623	-0.2203931603323803
-0.7977000000000001	0.0	2.893921007407306	0.0	3.0	0.6402116402116401	17.5	1.2592592592592593	1.3755079762122495	0.7802197802197802	0.006279506078422	0.0	0.6666666666666666	0.4746457025696199	202.4554967534663	0.0	0.16215108573107742	20.8	0.6137165727529449	56.40265845321289
2.904300000000001	1.0	3.2212537952541545	0.0	29.620932413509596	0.949641584967477	6.890481879729191	1.3809090909090915	1.6041641505769682	-0.1802249471418952	-0.0017513921315319	0.0	0.3333333333333333	0.6067578869413125	160.4022160589997	0.2908641084558771	0.524403970349629	22.46	0.8970058905784514	-3.1745525838352284
5.335000000000004	2.0	4.83214893352643	1.0	144.32703213610586	0.8442413195535643	7.304347826086956	1.633310351620211	1.4358119110147394	-0.1041967903567291	0.0042342038916942	0.0	0.3269230769230769	0.5891627435807006	162.8728962288447	-1.031902300133289	-0.2711921936377715	20.92	0.9843417548336458	-2.572380222789843
1.3687	0.0	0.0	0.0	-2.2235939643347047	1.2487205731832138	2.2674897119341564	1.0	1.9440064524245004	0.2387027574754097	0.0017670642568315667	0.0	0.0	0.8061168231346182	172.2396587379087	0.0	-0.06705865009973437	22.46	1.0772351403472165	-13.780506321622147
0.2684000000000012	1.0	4.005481289713811	0.0	63.37785123966943	0.7620538778311597	9.89090909090909	1.2783841730825465	1.426463707394145	-0.058121441341882	-0.0030950967856707	0.0	0.4857142857142857	0.5331928041505438	164.75338626770912	-0.3658844714767785	-0.3037254653900305	20.89	0.7717520326965998	1.5059744794205498
8.382100000000005	4.0	5.1616415611495245	1.0	97.91108468754128	0.6241991534412917	9.42528735632184	1.1521219016099558	1.5171917181541732	-0.0345530233850075	-1.281789273485036e-05	0.0	0.4363636363636363	0.5442082524277124	160.07974251995128	0.2052889949270456	-0.4483414359731354	20.94	0.7824166700923342	-5.71257386530473
4.335420000000004	2.0	5.000714027354055	2.0	191.4684052889181	0.8545700561574561	7.35042735042735	1.3649914488197077	1.3527239015490768	0.1239230076908863	-0.0003310485749506	0.0	0.1746031746031746	0.5990979269601298	160.14534141786717	-0.6177525751630699	-0.1195458431805249	20.94	0.9529207333778934	1.6421106533394698
4.374260000000002	2.0	4.602815415691413	0.0	93.5781477077553	0.9266035070835916	7.352490421455939	1.459036563511381	1.5823132488090172	-0.0008349714945919	0.0019629723194818	0.0	0.3529411764705882	0.6135525838529459	159.85984560631348	-0.2145389710447682	-0.0638974717779679	24.43	1.1139994348959803	-7.341164183162824
1.9864	0.0	1.9459101490553128	0.0	-3.7377777777777776	0.1180154142581888	2.162962962962963	0.0	3.4981425809698004	-0.3126287309214115	0.0006752571884721001	0.0	0.0	0.9947576315681677	161.2302891063275	0.0	-0.06705865009973437	22.47	1.0772351403472165	-13.780506321622147
4.091100000000004	1.0	4.353430432983734	2.0	145.6131687242798	0.7129454379323847	7.555555555555555	1.1508375022454969	1.452200177583482	-0.014318169313058	-9.601152277504874e-05	0.0	0.3469387755102041	0.5780569518881942	160.31372776079746	0.389026355875781	0.1052619834303159	20.92	0.979458677211097	1.8345874058101015
3.073200000000001	1.0	3.2716777407139284	0.0	37.12121212121212	0.8519827092750134	5.151515151515151	1.653793103448276	1.380155766281273	-0.1032595417021434	-5.064633134228127e-05	0.0	0.4	0.6351113521525417	160.58842610824047	0.0514520831240528	-0.0514229605735205	20.9	0.944946651851568	-2.0616493708829866
3.6390000000000025	1.0	3.1126260250254902	0.0	40.58064516129033	0.9250347399985376	3.935483870967742	1.585227272727272	1.3584850415252263	-0.4412038724834932	-0.0026426250040297	0.0	0.4615384615384615	0.6795357647267761	163.10317362832737	-0.0055592182715881	-0.2393336339476733	20.9	1.0188280887492225	-5.915397696978404
1.6046	1.0	3.437819850505323	1.0	65.16165289256197	0.8224152275180836	6.763636363636364	1.3587200213289388	1.342966933377672	-0.1825785641004415	-0.0026122613225062	0.0	0.2142857142857142	0.5884764145737653	163.2291165586578	-0.2472094829115097	0.0679229357679811	20.89	0.8798139596523343	1.0475716993978803
3.5519000000000025	2.0	3.025679349921943	1.0	83.56703046241508	1.078015975344241	6.147768281101615	1.2568306010928958	1.4775218608487384	-0.0350410295101883	0.0014850213759638	0.0	0.4722222222222222	0.6046569155159792	164.26868535974097	0.0672796323870607	0.0562792918226832	22.46	0.9432767322654402	1.9441543458626696
6.936200000000007	2.0	4.144606658440863	1.0	96.68069574759946	0.8375660379640466	6.034139917695473	1.000350492880613	2.383348104010351	-0.0271817024445316	-0.00037134648421	0.0	0.4848484848484848	0.7308623573776205	157.07998244854994	-0.072732016266836	0.0165846984869225	32.52	0.9165375622566272	3.722080781885385
-0.3149000000000006	0.0	2.546315277916644	0.0	8.117647058823527	0.9082112436115845	9.058823529411764	1.340289855072464	1.4187584902319412	-0.1627848678213309	0.0017677692357596	0.0	0.6	0.5242213231911951	177.7910892583448	-0.0277435172928053	0.6397446256753373	20.86	0.4990509109406575	5.162516575963433
1.8036	0.0	4.663810345944293	0.0	57.88734995383196	0.9009564756830856	5.9298245614035086	1.7138724523339908	1.3668457393942106	-0.0691395636064224	-9.81709931402506e-05	0.0	0.0	0.6041656824769388	162.95847934915307	0.3625984280498007	-0.1009839384176187	20.89	0.7769593213008914	4.630343470650851
5.295400000000005	0.0	3.0633909220278057	0.0	13.326280991735532	1.415487331659438	2.036363636363636	1.5329391891891893	1.2683736667220904	0.0633751384193962	0.0003146177231174	0.0	0.0	0.670800139727836	162.8726461020912	-0.0488690555637841	-0.0714962752386348	20.82	1.0986815400069978	-3.590924546133944
6.075200000000007	3.0	4.507160365430647	1.0	50.94123443518768	0.9309425440254488	7.122040072859745	1.1300066755674232	1.676828925097098	0.0960463526126539	-0.0006321596370527	0.0	0.5789473684210527	0.5789259608297327	155.2940890026468	-0.1069771496590945	-0.1929433931982494	24.44	0.9379867578415262	2.4714532981136386
5.9961000000000055	3.0	3.544547083224016	1.0	60.5176977531548	1.2015766423357666	5.228070175438597	1.248435544430538	1.5308487410635263	-0.045940968012683	-0.0003659642448618	0.0	0.6	0.6092744999349368	152.1723292964551	-0.0022556621111822	-0.1685454102948484	20.93	1.1283416977942649	-7.527994278940058
-0.7090799999999999	0.0	3.056842424540883	0.0	28.903061224489797	0.84779427359491	9.714285714285714	1.230697674418605	1.364898959221	0.0359701657052577	0.000317547690921	0.0	0.3529411764705882	0.5445643868453864	163.33390959014585	0.2450011014237931	-0.1643880346211787	20.83	0.840536975809219	-3.549534894736325
