O-057	VSA_EState5	PEOE_VSA10	PEOE_VSA9	GATS3s	H-050	O-056	ATSC0c	GATS1s	GATS5c	D/Dr9	MATS1p
-0.3879347205217865	0.1308021071449392	-0.7850665054502045	0.058580165729362844	-0.3567791533333957	0.09592806086439976	-0.5939345473664337	-0.6466569756867171	-0.2340730988612434	0.1272257127846264	-0.40869003411096855	0.7742114481938569
0.5901853844237143	-0.22253589268321858	-0.7850665054502045	-0.4386845821220787	-0.7187396182413196	-0.36174891639100254	0.13535943323862393	-0.6114116482528272	-0.10953202547895124	1.095157626404506	-0.40869003411096855	-0.30296763710615104
3.5245456992602167	-4.115073844794772	1.320479109668476	1.1750968914014575	-0.18492172091727133	2.3843129471414115	3.0525353556588546	2.014099785878309	0.45478802406389673	0.2323936235415908	-0.40869003411096855	2.1540663251144228
-0.3879347205217865	0.1308021071449392	-0.7850665054502045	-0.9779622162962311	5.552032854301322	-0.8194258936464048	-0.5939345473664337	-0.5978205212290344	1.8939406693458092	-1.9099552123534163	-0.40869003411096855	-10.056926454438852
-0.3879347205217865	-0.1430122417706397	0.31386360801263025	2.4555037973633898	0.11093559440389655	-0.36174891639100254	-0.5939345473664337	0.45166093418069486	-1.0023825364177579	-1.0366149130050155	-0.40869003411096855	-1.7548036486193708
-0.3879347205217865	0.1308021071449392	-0.21096025169889498	0.7309033481905909	-0.9034493149836283	0.09592806086439976	0.13535943323862393	-0.03551806741810321	-0.6082363392119146	-0.08750071284135286	-0.40869003411096855	-1.0145757887126126
-0.3879347205217865	0.022239556353313164	0.34029665617510846	-0.4217295679596442	-0.9637105544228071	0.5536050381198021	1.5939473944487395	0.0026117534596895005	0.031909766724015805	-0.43060966605671874	0.5032883023433796	1.7052131395851196
3.5245456992602167	-3.000096894596501	1.320479109668476	0.07958660889071836	-0.35964093185058493	1.926635969886009	2.3232413750537972	1.9154034801802535	0.23643172272307827	0.22353375914639428	-0.40869003411096855	1.2648485977213733
3.5245456992602167	-3.650869278831863	1.320479109668476	0.5899903575605273	-0.0020883982728877246	2.3843129471414115	3.0525353556588546	1.9994031517897097	0.47059575072551585	0.041321697369261536	-0.40869003411096855	2.1540663251144228
-0.3879347205217865	0.1308021071449392	-0.21096025169889498	1.3335041236923788	-0.7935039138669082	0.09592806086439976	0.13535943323862393	0.029959554886077804	-0.13680335739999447	-0.4107307141754087	0.4488614948147099	-1.3879116999414345
0.5901853844237143	-0.7962814084969986	-0.24881797280002632	1.7454543858567684	0.42246227955535676	1.0112820153752045	1.5939473944487395	0.8394089495962774	-0.1403306047205996	0.8250321666989502	-0.40869003411096855	0.8285319442323813
-0.3879347205217865	0.03437211961438205	0.9166638108278542	1.2547803000923208	1.4563257586742164	-0.8194258936464048	-0.5939345473664337	0.5366413605351016	-0.5141052373246069	-0.976790644513798	-0.40869003411096855	-1.305039773672022
-0.3879347205217865	0.1308021071449392	-0.7850665054502045	-0.9779622162962311	-1.8525816863448692	-0.8194258936464048	-0.5939345473664337	-1.2894623801497298	6.717444779629977	-0.6026617017772863	-0.40869003411096855	-0.04547610433489563
-0.3879347205217865	-0.6289539095382111	0.34029665617510846	0.7450281943093143	-0.5397612051529239	0.5536050381198021	0.8646534138436817	0.9744759972811204	-0.17593513820078555	0.9709925977575097	-0.40869003411096855	-1.3023007948410192
-0.3879347205217865	-0.3441608402568693	-0.7850665054502045	-0.9779622162962311	1.2313518635042087	0.09592806086439976	-0.5939345473664337	-0.40850376251616616	-0.5589665079282563	-1.722888118510478	-0.40869003411096855	-0.7407142415538577
0.5901853844237143	-0.5237322878797945	-0.7850665054502045	0.537281237637928	-0.5329242560467157	-0.36174891639100254	0.13535943323862393	-0.3429245937929021	-0.19244113614728633	-0.7586044453044194	-0.40869003411096855	0.19510096458052406
0.5901853844237143	-0.9203974049638337	2.4484470902721114	0.6400225921480107	0.24681781474057035	0.5536050381198021	0.13535943323862393	1.776518031523512	-0.4435555929980194	1.0765518067133186	-0.40869003411096855	-0.14016774479739227
-0.3879347205217865	0.1308021071449392	-0.7850665054502045	-0.9779622162962311	-4.398188408348098	-0.8194258936464048	-0.5939345473664337	-1.3359321025937787	3.570243742425837	-0.5037531567795366	-0.40869003411096855	-0.8753383113045264
1.5683054893692152	-1.2627657317707977	-0.22811184141616492	0.7020015803818254	0.17570949633187855	2.3843129471414115	0.8646534138436817	1.8832901826898627	0.23418196030925356	-0.3635854076663259	-0.40869003411096855	0.4248513776306947
-0.3879347205217865	-0.31787103402116124	0.317418149679222	-0.4709847592561516	-1.7385653606717448	0.09592806086439976	-0.5939345473664337	0.6408012953353781	-0.9328848602529121	-0.4319385120440854	5.854719766174434	0.4056043879452195
5.480785909151218	-3.8672174207460825	1.3676358266628268	3.850744567001148	0.054170337362380645	1.926635969886009	3.0525353556588546	3.6738195511418668	0.3113163286974057	0.09792702125280954	1.7807582361360808	-0.0970306675778127
1.5683054893692152	0.9565111865400463	1.9303174074754832	-0.49955412088449036	0.23884473342471188	0.09592806086439976	0.13535943323862393	0.6801009334310213	-0.3734450702826506	-0.5896207230744313	-0.40869003411096855	0.6242710421619398
-0.3879347205217865	0.1308021071449392	-0.7850665054502045	-0.9779622162962311	1.5580723891730475	-0.8194258936464048	-0.5939345473664337	-1.2845400557327806	-0.7364915590994285	-1.750047179004542	-0.40869003411096855	-0.01436786497424579
-0.3879347205217865	0.0035207460977865618	0.35398223001519763	1.6658673637869055	-1.2100440599700573	-0.36174891639100254	0.13535943323862393	1.0693671695346778	-0.7120934491257911	-0.2966811509347843	2.9060504228653343	-0.41512152109954903
0.5901853844237143	-0.13656120836001356	-0.7850665054502045	-0.4386845821220787	-0.5779918346733919	-0.36174891639100254	0.13535943323862393	-0.5631765156520544	-0.030452616967267688	-0.28826344487587136	-0.40869003411096855	0.5241651977164558
1.5683054893692152	0.7320047392775163	-0.2550595883500797	-0.9779622162962311	-0.48167259891190545	-0.36174891639100254	0.13535943323862393	-0.7697232370001899	1.4812656930797141	4.880501168810672	-0.40869003411096855	0.5385301039029802
0.5901853844237143	-0.6757707360815237	0.32884282261787456	0.17467069985400416	-0.3390218026593393	0.09592806086439976	0.13535943323862393	0.6376738328237013	-0.5954953113909343	0.8509969410306428	-0.40869003411096855	-0.45558364508028304
-0.3879347205217865	0.9087607816732225	0.8908929732992714	-0.38156194848258307	-0.2586041972010363	-0.8194258936464048	-0.5939345473664337	0.07635489050124171	-0.8155846312054665	-0.529517294990156	-0.40869003411096855	-1.237773668210996
-0.3879347205217865	0.9261147430189524	1.3996380080914848	0.1796911499903273	-0.20283871505920548	-0.8194258936464048	-0.5939345473664337	-0.1274347005953192	-0.5982018439697793	0.6294009861571099	1.6938229776221756	-0.10471470569234265
-0.3879347205217865	2.3260151860210407	-0.7850665054502045	-0.9779622162962311	-0.19606365900707418	0.5536050381198021	-0.5939345473664337	-0.683331127157098	-0.16435103202147208	-0.3295097112977962	-0.40869003411096855	1.3683947760397206
-0.3879347205217865	0.09400522660606152	0.34029665617510846	-0.4217295679596442	-0.9545747214393632	0.5536050381198021	1.5939473944487395	0.0077037196475232125	0.06265716474669371	-0.46134594160651193	0.5485772691430169	1.6269680182672075
-0.3879347205217865	1.6737896436881807	-0.7850665054502045	-0.9779622162962311	1.0571013164102252	-0.36174891639100254	-0.5939345473664337	-1.1055098840409678	2.4553645526595314	-0.8120642514687395	-0.40869003411096855	0.5977515627870543
3.5245456992602167	0.6142915019690217	1.413996064215447	-0.9779622162962311	-0.4090894791189208	0.09592806086439976	0.8646534138436817	0.5995877710236198	0.06441876356101546	-0.7733058680272197	1.8138373586043153	0.8709511592323594
-0.3879347205217865	0.5682131893597802	0.35398223001519763	-0.9779622162962311	1.0504665908591646	-0.8194258936464048	-0.5939345473664337	-0.6349649523349034	0.9952075277365708	0.09747925954917731	-0.40869003411096855	-0.2859876918235186
-0.3879347205217865	0.1308021071449392	-0.22238492463754794	-0.37590066829286595	-0.13565523117980555	0.09592806086439976	0.13535943323862393	-0.038954817835817	-0.27186698205399107	-0.36955266051912505	-0.40869003411096855	-0.924083146064401
