C-001	F04[C-N]	F05[N-O]	B05[N-S]	F05[N-S]	B05[N-F]	F05[N-F]	B05[N-Cl]	B05[N-Br]	B05[O-O]
-0.9494259051595161	-0.30959674154373423	-0.3198707962496025	-0.2205849453630174	-0.1555600759179175	-0.30124813078287227	-0.21805654961151072	-0.22454435656953595	-0.13991374644301185	-0.3494031844134745
0.0007601488432021964	-1.1825198849941128	-0.3198707962496025	-0.2205849453630174	-0.1555600759179175	-0.30124813078287227	-0.21805654961151072	-0.22454435656953595	-0.13991374644301185	-0.3494031844134745
-0.47433287815815695	-0.30959674154373423	2.0887948381600547	-0.2205849453630174	-0.1555600759179175	-0.30124813078287227	-0.21805654961151072	-0.22454435656953595	-0.13991374644301185	2.862023142916254
-0.9494259051595161	-1.1825198849941128	-0.3198707962496025	-0.2205849453630174	-0.1555600759179175	-0.30124813078287227	-0.21805654961151072	-0.22454435656953595	-0.13991374644301185	-0.3494031844134745
-0.47433287815815695	-0.7460583132689235	0.28229561235281186	-0.2205849453630174	-0.1555600759179175	-0.30124813078287227	-0.21805654961151072	-0.22454435656953595	-0.13991374644301185	2.862023142916254
-0.47433287815815695	-0.30959674154373423	1.4866284295576404	-0.2205849453630174	-0.1555600759179175	-0.30124813078287227	-0.21805654961151072	-0.22454435656953595	-0.13991374644301185	-0.3494031844134745
0.0007601488432021964	-1.1825198849941128	-0.3198707962496025	-0.2205849453630174	-0.1555600759179175	-0.30124813078287227	-0.21805654961151072	-0.22454435656953595	-0.13991374644301185	2.862023142916254
-0.9494259051595161	0.12686483018145497	3.2931276553648834	-0.2205849453630174	-0.1555600759179175	-0.30124813078287227	-0.21805654961151072	-0.22454435656953595	-0.13991374644301185	2.862023142916254
-0.47433287815815695	-0.30959674154373423	2.0887948381600547	-0.2205849453630174	-0.1555600759179175	-0.30124813078287227	-0.21805654961151072	-0.22454435656953595	-0.13991374644301185	2.862023142916254
-0.9494259051595161	-0.45508393211879733	0.28229561235281186	-0.2205849453630174	-0.1555600759179175	-0.30124813078287227	-0.21805654961151072	-0.22454435656953595	-0.13991374644301185	-0.3494031844134745
0.0007601488432021964	0.12686483018145497	-0.3198707962496025	-0.2205849453630174	-0.1555600759179175	-0.30124813078287227	-0.21805654961151072	-0.22454435656953595	-0.13991374644301185	-0.3494031844134745
-0.47433287815815695	-0.018622360393608088	2.0887948381600547	-0.2205849453630174	-0.1555600759179175	-0.30124813078287227	-0.21805654961151072	4.453463071962463	-0.13991374644301185	-0.3494031844134745
-0.47433287815815695	-1.1825198849941128	-0.3198707962496025	-0.2205849453630174	-0.1555600759179175	-0.30124813078287227	-0.21805654961151072	-0.22454435656953595	-0.13991374644301185	-0.3494031844134745
0.0007601488432021964	-0.7460583132689235	0.28229561235281186	-0.2205849453630174	-0.1555600759179175	-0.30124813078287227	-0.21805654961151072	-0.22454435656953595	-0.13991374644301185	2.862023142916254
-0.9494259051595161	-1.1825198849941128	-0.3198707962496025	-0.2205849453630174	-0.1555600759179175	-0.30124813078287227	-0.21805654961151072	-0.22454435656953595	-0.13991374644301185	-0.3494031844134745
-0.47433287815815695	-1.0370326944190495	-0.3198707962496025	-0.2205849453630174	-0.1555600759179175	-0.30124813078287227	-0.21805654961151072	-0.22454435656953595	-0.13991374644301185	-0.3494031844134745
1.9011322568486386	1.4362495453570225	2.0887948381600547	-0.2205849453630174	-0.1555600759179175	-0.30124813078287227	-0.21805654961151072	-0.22454435656953595	-0.13991374644301185	2.862023142916254
-0.9494259051595161	-1.1825198849941128	-0.3198707962496025	-0.2205849453630174	-0.1555600759179175	-0.30124813078287227	-0.21805654961151072	-0.22454435656953595	-0.13991374644301185	-0.3494031844134745
-0.9494259051595161	0.5633264019066442	0.8844620209552261	-0.2205849453630174	-0.1555600759179175	-0.30124813078287227	-0.21805654961151072	-0.22454435656953595	-0.13991374644301185	2.862023142916254
-0.9494259051595161	0.12686483018145497	-0.3198707962496025	-0.2205849453630174	-0.1555600759179175	-0.30124813078287227	-0.21805654961151072	-0.22454435656953595	-0.13991374644301185	-0.3494031844134745
2.851318310851357	-0.018622360393608088	1.4866284295576404	-0.2205849453630174	-0.1555600759179175	-0.30124813078287227	-0.21805654961151072	-0.22454435656953595	-0.13991374644301185	2.862023142916254
0.9509462028459204	-1.0370326944190495	-0.3198707962496025	-0.2205849453630174	-0.1555600759179175	-0.30124813078287227	-0.21805654961151072	-0.22454435656953595	-0.13991374644301185	2.862023142916254
-0.9494259051595161	-1.1825198849941128	-0.3198707962496025	-0.2205849453630174	-0.1555600759179175	-0.30124813078287227	-0.21805654961151072	-0.22454435656953595	-0.13991374644301185	-0.3494031844134745
0.0007601488432021964	0.27235202075651804	1.4866284295576404	-0.2205849453630174	-0.1555600759179175	-0.30124813078287227	-0.21805654961151072	-0.22454435656953595	-0.13991374644301185	2.862023142916254
0.4758531758445613	-1.1825198849941128	-0.3198707962496025	-0.2205849453630174	-0.1555600759179175	-0.30124813078287227	-0.21805654961151072	-0.22454435656953595	-0.13991374644301185	-0.3494031844134745
0.9509462028459204	-1.1825198849941128	-0.3198707962496025	-0.2205849453630174	-0.1555600759179175	-0.30124813078287227	-0.21805654961151072	-0.22454435656953595	-0.13991374644301185	-0.3494031844134745
0.0007601488432021964	-0.45508393211879733	-0.3198707962496025	-0.2205849453630174	-0.1555600759179175	-0.30124813078287227	-0.21805654961151072	-0.22454435656953595	-0.13991374644301185	2.862023142916254
-0.47433287815815695	0.12686483018145497	0.8844620209552261	-0.2205849453630174	-0.1555600759179175	-0.30124813078287227	-0.21805654961151072	-0.22454435656953595	-0.13991374644301185	2.862023142916254
0.4758531758445613	-1.0370326944190495	-0.3198707962496025	-0.2205849453630174	-0.1555600759179175	-0.30124813078287227	-0.21805654961151072	-0.22454435656953595	-0.13991374644301185	-0.3494031844134745
-0.9494259051595161	-0.45508393211879733	0.28229561235281186	-0.2205849453630174	-0.1555600759179175	-0.30124813078287227	-0.21805654961151072	-0.22454435656953595	-0.13991374644301185	-0.3494031844134745
0.4758531758445613	-1.1825198849941128	-0.3198707962496025	-0.2205849453630174	-0.1555600759179175	-0.30124813078287227	-0.21805654961151072	-0.22454435656953595	-0.13991374644301185	2.862023142916254
-0.9494259051595161	-0.8915455038439866	-0.3198707962496025	-0.2205849453630174	-0.1555600759179175	-0.30124813078287227	-0.21805654961151072	-0.22454435656953595	-0.13991374644301185	-0.3494031844134745
-0.9494259051595161	-1.0370326944190495	-0.3198707962496025	-0.2205849453630174	-0.1555600759179175	-0.30124813078287227	-0.21805654961151072	-0.22454435656953595	-0.13991374644301185	-0.3494031844134745
-0.47433287815815695	-1.0370326944190495	-0.3198707962496025	-0.2205849453630174	-0.1555600759179175	-0.30124813078287227	-0.21805654961151072	-0.22454435656953595	-0.13991374644301185	-0.3494031844134745
-0.47433287815815695	-0.8915455038439866	0.28229561235281186	-0.2205849453630174	-0.1555600759179175	-0.30124813078287227	-0.21805654961151072	-0.22454435656953595	-0.13991374644301185	-0.3494031844134745
